-1.110223024625159992e-16
4.000000000000000083e-03
8.000000000000010575e-03
1.200000000000000025e-02
1.599999999999979911e-02
2.000000000000000042e-02
2.399999999999979927e-02
2.800000000000000058e-02
3.200000000000000067e-02
3.599999999999980299e-02
4.000000000000000083e-02
4.399999999999980316e-02
4.800000000000000100e-02
5.199999999999980332e-02
5.599999999999979994e-02
6.000000000000010186e-02
6.399999999999979317e-02
6.800000000000010203e-02
7.199999999999980027e-02
7.600000000000009526e-02
8.000000000000009881e-02
8.399999999999989420e-02
8.799999999999989775e-02
9.199999999999990130e-02
9.600000000000009914e-02
9.999999999999989453e-02
1.039999999999999952e-01
1.079999999999999988e-01
1.120000000000000023e-01
1.160000000000000059e-01
1.199999999999999956e-01
1.239999999999999991e-01
1.280000000000000027e-01
1.320000000000000062e-01
1.360000000000000098e-01
1.400000000000000133e-01
1.439999999999999891e-01
1.479999999999999927e-01
1.519999999999999962e-01
1.559999999999999998e-01
1.600000000000000033e-01
1.640000000000000069e-01
1.680000000000000104e-01
1.719999999999999862e-01
1.759999999999999898e-01
1.799999999999999933e-01
1.839999999999999969e-01
1.880000000000000004e-01
1.920000000000000040e-01
1.960000000000000075e-01
2.000000000000000111e-01
2.039999999999999869e-01
2.079999999999999905e-01
2.119999999999999940e-01
2.159999999999999976e-01
2.200000000000000011e-01
2.240000000000000047e-01
2.280000000000000082e-01
2.320000000000000118e-01
2.359999999999999876e-01
2.399999999999999911e-01
2.439999999999999947e-01
2.479999999999999982e-01
2.520000000000000018e-01
2.560000000000000053e-01
2.600000000000000089e-01
2.640000000000000124e-01
2.680000000000000160e-01
2.720000000000000195e-01
2.760000000000000231e-01
2.800000000000000266e-01
2.839999999999999747e-01
2.879999999999999782e-01
2.919999999999999818e-01
2.959999999999999853e-01
2.999999999999999889e-01
3.039999999999999925e-01
3.079999999999999960e-01
3.119999999999999996e-01
3.160000000000000031e-01
3.200000000000000067e-01
3.240000000000000102e-01
3.280000000000000138e-01
3.320000000000000173e-01
3.360000000000000209e-01
3.400000000000000244e-01
3.439999999999999725e-01
3.479999999999999760e-01
3.519999999999999796e-01
3.559999999999999831e-01
3.599999999999999867e-01
3.639999999999999902e-01
3.679999999999999938e-01
3.719999999999999973e-01
3.760000000000000009e-01
3.800000000000000044e-01
3.840000000000000080e-01
3.880000000000000115e-01
3.920000000000000151e-01
3.960000000000000187e-01
4.000000000000000222e-01
4.040000000000000258e-01
4.079999999999999738e-01
4.119999999999999774e-01
4.159999999999999809e-01
4.199999999999999845e-01
4.239999999999999880e-01
4.279999999999999916e-01
4.319999999999999951e-01
4.359999999999999987e-01
4.400000000000000022e-01
4.440000000000000058e-01
4.480000000000000093e-01
4.520000000000000129e-01
4.560000000000000164e-01
4.600000000000000200e-01
4.640000000000000235e-01
4.680000000000000271e-01
4.719999999999999751e-01
4.759999999999999787e-01
4.799999999999999822e-01
4.839999999999999858e-01
4.879999999999999893e-01
4.919999999999999929e-01
4.959999999999999964e-01
5.000000000000000000e-01
5.040000000000000036e-01
5.080000000000000071e-01
5.120000000000000107e-01
5.160000000000000142e-01
5.200000000000000178e-01
5.240000000000000213e-01
5.280000000000000249e-01
5.320000000000000284e-01
5.360000000000000320e-01
5.400000000000000355e-01
5.440000000000000391e-01
5.480000000000000426e-01
5.520000000000000462e-01
5.560000000000000497e-01
5.600000000000000533e-01
5.639999999999999458e-01
5.679999999999999494e-01
5.719999999999999529e-01
5.759999999999999565e-01
5.799999999999999600e-01
5.839999999999999636e-01
5.879999999999999671e-01
5.919999999999999707e-01
5.959999999999999742e-01
5.999999999999999778e-01
6.039999999999999813e-01
6.079999999999999849e-01
6.119999999999999885e-01
6.159999999999999920e-01
6.199999999999999956e-01
6.239999999999999991e-01
6.280000000000000027e-01
6.320000000000000062e-01
6.360000000000000098e-01
6.400000000000000133e-01
6.440000000000000169e-01
6.480000000000000204e-01
6.520000000000000240e-01
6.560000000000000275e-01
6.600000000000000311e-01
6.640000000000000346e-01
6.680000000000000382e-01
6.720000000000000417e-01
6.760000000000000453e-01
6.800000000000000488e-01
6.840000000000000524e-01
6.879999999999999449e-01
6.919999999999999485e-01
6.959999999999999520e-01
6.999999999999999556e-01
7.039999999999999591e-01
7.079999999999999627e-01
7.119999999999999662e-01
7.159999999999999698e-01
7.199999999999999734e-01
7.239999999999999769e-01
7.279999999999999805e-01
7.319999999999999840e-01
7.359999999999999876e-01
7.399999999999999911e-01
7.439999999999999947e-01
7.479999999999999982e-01
7.520000000000000018e-01
7.560000000000000053e-01
7.600000000000000089e-01
7.640000000000000124e-01
7.680000000000000160e-01
7.720000000000000195e-01
7.760000000000000231e-01
7.800000000000000266e-01
7.840000000000000302e-01
7.880000000000000338e-01
7.920000000000000373e-01
7.960000000000000409e-01
8.000000000000000444e-01
8.040000000000000480e-01
8.080000000000000515e-01
8.120000000000000551e-01
8.159999999999999476e-01
8.199999999999999512e-01
8.239999999999999547e-01
8.279999999999999583e-01
8.319999999999999618e-01
8.359999999999999654e-01
8.399999999999999689e-01
8.439999999999999725e-01
8.479999999999999760e-01
8.519999999999999796e-01
8.559999999999999831e-01
8.599999999999999867e-01
8.639999999999999902e-01
8.679999999999999938e-01
8.719999999999999973e-01
8.760000000000000009e-01
8.800000000000000044e-01
8.840000000000000080e-01
8.880000000000000115e-01
8.920000000000000151e-01
8.960000000000000187e-01
9.000000000000000222e-01
9.040000000000000258e-01
9.080000000000000293e-01
9.120000000000000329e-01
9.160000000000000364e-01
9.200000000000000400e-01
9.240000000000000435e-01
9.280000000000000471e-01
9.320000000000000506e-01
9.360000000000000542e-01
9.399999999999999467e-01
9.439999999999999503e-01
9.479999999999999538e-01
9.519999999999999574e-01
9.559999999999999609e-01
9.599999999999999645e-01
9.639999999999999680e-01
9.679999999999999716e-01
9.719999999999999751e-01
9.759999999999999787e-01
9.799999999999999822e-01
9.839999999999999858e-01
9.879999999999999893e-01
9.919999999999999929e-01
9.959999999999999964e-01
1.000000000000000000e+00
9.959999999999999964e-01
9.919999999999999929e-01
9.879999999999999893e-01
9.839999999999999858e-01
9.799999999999999822e-01
9.759999999999999787e-01
9.719999999999999751e-01
9.679999999999999716e-01
9.639999999999999680e-01
9.599999999999999645e-01
9.559999999999999609e-01
9.519999999999999574e-01
9.479999999999999538e-01
9.439999999999999503e-01
9.399999999999999467e-01
9.360000000000000542e-01
9.320000000000000506e-01
9.280000000000000471e-01
9.240000000000000435e-01
9.200000000000000400e-01
9.160000000000000364e-01
9.120000000000000329e-01
9.080000000000000293e-01
9.040000000000000258e-01
8.999999999999990230e-01
8.960000000000000187e-01
8.920000000000000151e-01
8.880000000000000115e-01
8.840000000000000080e-01
8.800000000000000044e-01
8.760000000000000009e-01
8.719999999999999973e-01
8.679999999999999938e-01
8.639999999999999902e-01
8.599999999999999867e-01
8.559999999999999831e-01
8.519999999999999796e-01
8.479999999999999760e-01
8.439999999999999725e-01
8.399999999999999689e-01
8.359999999999999654e-01
8.319999999999999618e-01
8.279999999999999583e-01
8.239999999999999547e-01
8.199999999999999512e-01
8.159999999999999476e-01
8.120000000000000551e-01
8.080000000000000515e-01
8.040000000000000480e-01
8.000000000000000444e-01
7.960000000000000409e-01
7.920000000000000373e-01
7.880000000000000338e-01
7.840000000000000302e-01
7.800000000000000266e-01
7.760000000000000231e-01
7.720000000000000195e-01
7.680000000000000160e-01
7.640000000000000124e-01
7.600000000000000089e-01
7.560000000000000053e-01
7.520000000000000018e-01
7.479999999999999982e-01
7.439999999999999947e-01
7.399999999999999911e-01
7.359999999999999876e-01
7.319999999999999840e-01
7.279999999999999805e-01
7.239999999999999769e-01
7.199999999999999734e-01
7.159999999999999698e-01
7.119999999999999662e-01
7.079999999999999627e-01
7.039999999999999591e-01
6.999999999999999556e-01
6.959999999999999520e-01
6.919999999999999485e-01
6.879999999999999449e-01
6.840000000000000524e-01
6.800000000000000488e-01
6.760000000000000453e-01
6.720000000000000417e-01
6.680000000000000382e-01
6.640000000000000346e-01
6.600000000000010303e-01
6.560000000000000275e-01
6.520000000000000240e-01
6.480000000000000204e-01
6.440000000000000169e-01
6.400000000000000133e-01
6.360000000000000098e-01
6.320000000000000062e-01
6.280000000000000027e-01
6.239999999999999991e-01
6.199999999999999956e-01
6.159999999999999920e-01
6.119999999999999885e-01
6.079999999999999849e-01
6.039999999999999813e-01
5.999999999999999778e-01
5.959999999999999742e-01
5.920000000000009699e-01
5.879999999999999671e-01
5.839999999999999636e-01
5.800000000000009592e-01
5.759999999999999565e-01
5.719999999999999529e-01
5.679999999999999494e-01
5.639999999999999458e-01
5.600000000000000533e-01
5.560000000000000497e-01
5.520000000000000462e-01
5.480000000000000426e-01
5.440000000000000391e-01
5.400000000000000355e-01
5.360000000000000320e-01
5.320000000000000284e-01
5.280000000000000249e-01
5.240000000000000213e-01
5.200000000000000178e-01
5.160000000000000142e-01
5.120000000000000107e-01
5.080000000000000071e-01
5.040000000000000036e-01
5.000000000000000000e-01
4.959999999999999964e-01
4.919999999999999929e-01
4.879999999999999893e-01
4.839999999999999858e-01
4.799999999999999822e-01
4.759999999999999787e-01
4.719999999999999751e-01
4.680000000000000271e-01
4.640000000000000235e-01
4.600000000000000200e-01
4.560000000000000164e-01
4.520000000000000129e-01
4.480000000000000093e-01
4.440000000000000058e-01
4.400000000000000022e-01
4.359999999999999987e-01
4.319999999999999951e-01
4.279999999999999916e-01
4.239999999999999880e-01
4.199999999999999845e-01
4.159999999999999809e-01
4.119999999999999774e-01
4.079999999999999738e-01
4.039999999999990266e-01
4.000000000000000222e-01
3.960000000000000187e-01
3.920000000000000151e-01
3.880000000000000115e-01
3.840000000000000080e-01
3.800000000000000044e-01
3.760000000000000009e-01
3.719999999999999973e-01
3.679999999999999938e-01
3.639999999999999902e-01
3.599999999999999867e-01
3.559999999999999831e-01
3.519999999999999796e-01
3.479999999999999760e-01
3.440000000000010272e-01
3.400000000000000244e-01
3.360000000000000209e-01
3.320000000000000173e-01
3.280000000000000138e-01
3.240000000000000102e-01
3.200000000000000067e-01
3.160000000000000031e-01
3.119999999999999996e-01
3.079999999999999960e-01
3.039999999999999925e-01
2.999999999999999889e-01
2.959999999999999853e-01
2.919999999999999818e-01
2.880000000000009774e-01
2.839999999999999747e-01
2.800000000000000266e-01
2.760000000000000231e-01
2.720000000000000195e-01
2.680000000000000160e-01
2.640000000000010116e-01
2.600000000000000089e-01
2.560000000000000053e-01
2.520000000000000018e-01
2.479999999999999982e-01
2.439999999999999947e-01
2.399999999999999911e-01
2.359999999999999876e-01
2.320000000000000118e-01
2.280000000000000082e-01
2.240000000000000047e-01
2.200000000000000011e-01
2.159999999999999976e-01
2.119999999999999940e-01
2.080000000000009897e-01
2.039999999999999869e-01
2.000000000000000111e-01
1.960000000000000075e-01
1.920000000000000040e-01
1.880000000000000004e-01
1.839999999999999969e-01
1.799999999999999933e-01
1.759999999999999898e-01
1.719999999999999862e-01
1.680000000000000104e-01
1.640000000000010061e-01
1.600000000000000033e-01
1.560000000000009990e-01
1.519999999999999962e-01
1.479999999999999927e-01
1.439999999999999891e-01
1.400000000000000133e-01
1.360000000000000098e-01
1.320000000000000062e-01
1.280000000000010019e-01
1.239999999999999991e-01
1.199999999999999956e-01
1.160000000000000059e-01
1.120000000000000023e-01
1.080000000000009980e-01
1.039999999999999952e-01
1.000000000000000056e-01
9.600000000000009914e-02
9.200000000000009559e-02
8.800000000000010592e-02
8.400000000000050482e-02
8.000000000000009881e-02
7.600000000000049771e-02
7.200000000000049416e-02
6.800000000000010203e-02
6.400000000000009848e-02
6.000000000000010186e-02
5.600000000000000117e-02
5.199999999999999761e-02
4.800000000000050060e-02
4.399999999999999745e-02
4.000000000000050043e-02
3.599999999999999728e-02
3.200000000000000067e-02
2.800000000000050018e-02
2.400000000000000050e-02
2.000000000000050002e-02
1.600000000000000033e-02
1.199999999999959953e-02
8.000000000000010575e-03
4.000000000000450244e-03
0.000000000000000000e+00
-6.283143965558440208e-03
-1.256603988335260047e-02
-1.884843971540780053e-02
-2.513009544333710127e-02
-3.141075907812840295e-02
-3.769018266993429817e-02
-4.396811831786470032e-02
-5.024431817976900139e-02
-5.651853448202440178e-02
-6.279051952931290204e-02
-6.906002571440540694e-02
-7.532680552793280526e-02
-8.159061156815719529e-02
-8.785119655074290212e-02
-9.410831331851370052e-02
-1.003617148512150059e-01
-1.066111542752589958e-01
-1.128563848734809999e-01
-1.190971600948699943e-01
-1.253332335643040085e-01
-1.315643590922820072e-01
-1.377902906846369957e-01
-1.440107825522519980e-01
-1.502255891207570082e-01
-1.564344650402310077e-01
-1.626371651948829988e-01
-1.688334447127330107e-01
-1.750230589752760080e-01
-1.812057636271370009e-01
-1.873813145857239904e-01
-1.935494680508600129e-01
-1.997099805144059992e-01
-2.058626087698809948e-01
-2.120071099220549871e-01
-2.181432413965420092e-01
-2.242707609493810039e-01
-2.303894266765899868e-01
-2.364989970237240113e-01
-2.425992307954079885e-01
-2.486898871648539899e-01
-2.547707256833819933e-01
-2.608415062898959969e-01
-2.669019893203750105e-01
-2.729519355173249950e-01
-2.789911060392289976e-01
-2.850192624699749988e-01
-2.910361668282719916e-01
-2.970415815770349743e-01
-3.030352696327729967e-01
-3.090169943749470072e-01
-3.149865196553049973e-01
-3.209436098072089849e-01
-3.268880296549430131e-01
-3.328195445229860105e-01
-3.387379202452909799e-01
-3.446429231745170019e-01
-3.505343201912580198e-01
-3.564118787132509736e-01
-3.622753667045450210e-01
-3.681245526846769756e-01
-3.739592057378000045e-01
-3.797790955218010023e-01
-3.855839922773959816e-01
-3.913736668372019833e-01
-3.971478906347800097e-01
-4.029064357136620256e-01
-4.086490747363489828e-01
-4.143755809932839762e-01
-4.200857284118060253e-01
-4.257792915650729926e-01
-4.314560456809580224e-01
-4.371157666509329909e-01
-4.427582310389009956e-01
-4.483832160900320107e-01
-4.539904997395470265e-01
-4.595798606214869797e-01
-4.651510780774579801e-01
-4.707039321653330166e-01
-4.762382036679390085e-01
-4.817536741017149904e-01
-4.872501257253319951e-01
-4.927273415482910091e-01
-4.981851053394900086e-01
-5.036232016357610197e-01
-5.090414157503709847e-01
-5.144395337815059754e-01
-5.198173426207099990e-01
-5.251746299612950475e-01
-5.305111843067340516e-01
-5.358267949789959905e-01
-5.411212521268750075e-01
-5.463943467342690097e-01
-5.516458706284299573e-01
-5.568756164881879522e-01
-5.620833778521310276e-01
-5.672689491267559614e-01
-5.724321255945910014e-01
-5.775727034222669642e-01
-5.826904796685760113e-01
-5.877852522924730261e-01
-5.928568201610590060e-01
-5.979049830575180469e-01
-6.029295416890240178e-01
-6.079302976946050485e-01
-6.129070536529760416e-01
-6.178596130903339922e-01
-6.227877804881120083e-01
-6.276913612907000228e-01
-6.325701619131239850e-01
-6.374239897486889683e-01
-6.422526531765839763e-01
-6.470559615694440048e-01
-6.518337253008780197e-01
-6.565857557529559685e-01
-6.613118653236520483e-01
-6.660118674342510037e-01
-6.706855765367200073e-01
-6.753328081210240308e-01
-6.799533787224190107e-01
-6.845471059286879489e-01
-6.891138083873480369e-01
-6.936533058128040441e-01
-6.981654189934729526e-01
-7.026499697988489723e-01
-7.071067811865470176e-01
-7.115356772092850113e-01
-7.159364830218309939e-01
-7.203090248879070456e-01
-7.246531301870470232e-01
-7.289686274214109973e-01
-7.332553462225599450e-01
-7.375131173581740418e-01
-7.417417727387389803e-01
-7.459411454241819950e-01
-7.501110696304590375e-01
-7.542513807361029832e-01
-7.583619152887219883e-01
-7.624425110114469994e-01
-7.664930068093499527e-01
-7.705132427757890312e-01
-7.745030601987340502e-01
-7.784623015670230073e-01
-7.823908105765879917e-01
-7.862884321366190310e-01
-7.901550123756899691e-01
-7.939903986478350495e-01
-7.977944395385709875e-01
-8.015669848708759648e-01
-8.053078857111219957e-01
-8.090169943749470072e-01
-8.126941644330939463e-01
-8.163392507171830514e-01
-8.199521093254520387e-01
-8.235325976284270100e-01
-8.270805742745620526e-01
-8.305958991958120041e-01
-8.340784336131710219e-01
-8.375280400421409865e-01
-8.409445822981690410e-01
-8.443279255020149643e-01
-8.476779360850830169e-01
-8.509944817946919482e-01
-8.542774316992950423e-01
-8.575266561936519816e-01
-8.607420270039429777e-01
-8.639234171928350525e-01
-8.670707011644900319e-01
-8.701837546695260217e-01
-8.732624548099200412e-01
-8.763066800438630288e-01
-8.793163101905560053e-01
-8.822912264349529465e-01
-8.852313113324550287e-01
-8.881364488135450319e-01
-8.910065241883680098e-01
-8.938414241512639968e-01
-8.966410367852359897e-01
-8.994052515663699676e-01
-9.021339593682029534e-01
-9.048270524660190217e-01
-9.074844245411169963e-01
-9.101059706849959907e-01
-9.126915874035029796e-01
-9.152411726209169762e-01
-9.177546256839810290e-01
-9.202318473658700482e-01
-9.226727398701149996e-01
-9.250772068344580434e-01
-9.274451533346610432e-01
-9.297764858882510142e-01
-9.320711124582109486e-01
-9.343289424566120216e-01
-9.365498867481919509e-01
-9.387338576538739598e-01
-9.408807689542250108e-01
-9.429905358928639680e-01
-9.450630751798050344e-01
-9.470983049947440113e-01
-9.490961449902940439e-01
-9.510565162951539753e-01
-9.529793415172189697e-01
-9.548645447466429514e-01
-9.567120515588299901e-01
-9.585217890173759470e-01
-9.602936856769429541e-01
-9.620276715860860417e-01
-9.637236782900100440e-01
-9.653816388332739917e-01
-9.670014877624349969e-01
-9.685831611286309650e-01
-9.701265964901060190e-01
-9.716317329146739734e-01
-9.730985109821269630e-01
-9.745268727865770142e-01
-9.759167619387469905e-01
-9.772681235681930367e-01
-9.785809043254719564e-01
-9.798550523842469717e-01
-9.810905174433339759e-01
-9.822872507286890542e-01
-9.834452049953299468e-01
-9.845643345292049986e-01
-9.856445951489980484e-01
-9.866859442078680376e-01
-9.876883405951379924e-01
-9.886517447379139512e-01
-9.895761186026510448e-01
-9.904614256966509656e-01
-9.913076310695060345e-01
-9.921147013144779869e-01
-9.928826045698140312e-01
-9.936113105200079509e-01
-9.943007903969990346e-01
-9.949510169812999516e-01
-9.955619646030799963e-01
-9.961336091431729489e-01
-9.966659280340299798e-01
-9.971589002606140451e-01
-9.976125063612250043e-01
-9.980267284282720031e-01
-9.984015501089750222e-01
-9.987369566060170234e-01
-9.990329346781250397e-01
-9.992894726405889827e-01
-9.995065603657310449e-01
-9.996841892833000509e-01
-9.998223523808089652e-01
-9.999210442038160007e-01
-9.999802608561370043e-01
-1.000000000000000000e+00
-9.999802608561370043e-01
-9.999210442038160007e-01
-9.998223523808089652e-01
-9.996841892833000509e-01
-9.995065603657320441e-01
-9.992894726405889827e-01
-9.990329346781250397e-01
-9.987369566060180226e-01
-9.984015501089750222e-01
-9.980267284282720031e-01
-9.976125063612250043e-01
-9.971589002606140451e-01
-9.966659280340299798e-01
-9.961336091431729489e-01
-9.955619646030799963e-01
-9.949510169812999516e-01
-9.943007903969990346e-01
-9.936113105200079509e-01
-9.928826045698140312e-01
-9.921147013144779869e-01
-9.913076310695070337e-01
-9.904614256966509656e-01
-9.895761186026510448e-01
-9.886517447379139512e-01
-9.876883405951379924e-01
-9.866859442078680376e-01
-9.856445951489980484e-01
-9.845643345292049986e-01
-9.834452049953299468e-01
-9.822872507286890542e-01
-9.810905174433339759e-01
-9.798550523842469717e-01
-9.785809043254719564e-01
-9.772681235681930367e-01
-9.759167619387479897e-01
-9.745268727865770142e-01
-9.730985109821269630e-01
-9.716317329146739734e-01
-9.701265964901060190e-01
-9.685831611286309650e-01
-9.670014877624349969e-01
-9.653816388332739917e-01
-9.637236782900100440e-01
-9.620276715860860417e-01
-9.602936856769429541e-01
-9.585217890173759470e-01
-9.567120515588309893e-01
-9.548645447466429514e-01
-9.529793415172189697e-01
-9.510565162951539753e-01
-9.490961449902950431e-01
-9.470983049947450105e-01
-9.450630751798050344e-01
-9.429905358928649672e-01
-9.408807689542260100e-01
-9.387338576538739598e-01
-9.365498867481919509e-01
-9.343289424566120216e-01
-9.320711124582109486e-01
-9.297764858882520134e-01
-9.274451533346620424e-01
-9.250772068344580434e-01
-9.226727398701149996e-01
-9.202318473658700482e-01
-9.177546256839810290e-01
-9.152411726209179754e-01
-9.126915874035029796e-01
-9.101059706849959907e-01
-9.074844245411169963e-01
-9.048270524660200209e-01
-9.021339593682029534e-01
-8.994052515663709668e-01
-8.966410367852359897e-01
-8.938414241512639968e-01
-8.910065241883680098e-01
-8.881364488135450319e-01
-8.852313113324550287e-01
-8.822912264349539457e-01
-8.793163101905560053e-01
-8.763066800438640280e-01
-8.732624548099200412e-01
-8.701837546695260217e-01
-8.670707011644900319e-01
-8.639234171928350525e-01
-8.607420270039439769e-01
-8.575266561936529808e-01
-8.542774316992950423e-01
-8.509944817946919482e-01
-8.476779360850840161e-01
-8.443279255020159635e-01
-8.409445822981690410e-01
-8.375280400421419857e-01
-8.340784336131710219e-01
-8.305958991958130033e-01
-8.270805742745620526e-01
-8.235325976284280092e-01
-8.199521093254530379e-01
-8.163392507171840506e-01
-8.126941644330939463e-01
-8.090169943749480064e-01
-8.053078857111219957e-01
-8.015669848708769640e-01
-7.977944395385709875e-01
-7.939903986478350495e-01
-7.901550123756909683e-01
-7.862884321366190310e-01
-7.823908105765879917e-01
-7.784623015670240065e-01
-7.745030601987340502e-01
-7.705132427757900304e-01
-7.664930068093499527e-01
-7.624425110114479986e-01
-7.583619152887219883e-01
-7.542513807361049816e-01
-7.501110696304600367e-01
-7.459411454241829942e-01
-7.417417727387399795e-01
-7.375131173581740418e-01
-7.332553462225599450e-01
-7.289686274214119965e-01
-7.246531301870470232e-01
-7.203090248879070456e-01
-7.159364830218309939e-01
-7.115356772092860105e-01
-7.071067811865480168e-01
-7.026499697988499715e-01
-6.981654189934729526e-01
-6.936533058128050433e-01
-6.891138083873490361e-01
-6.845471059286889481e-01
-6.799533787224200099e-01
-6.753328081210250300e-01
-6.706855765367210065e-01
-6.660118674342520029e-01
-6.613118653236520483e-01
-6.565857557529569677e-01
-6.518337253008790189e-01
-6.470559615694440048e-01
-6.422526531765849755e-01
-6.374239897486899675e-01
-6.325701619131249842e-01
-6.276913612907010220e-01
-6.227877804881130075e-01
-6.178596130903349914e-01
-6.129070536529760416e-01
-6.079302976946060477e-01
-6.029295416890250170e-01
-5.979049830575200453e-01
-5.928568201610600052e-01
-5.877852522924730261e-01
-5.826904796685770105e-01
-5.775727034222679634e-01
-5.724321255945910014e-01
-5.672689491267569606e-01
-5.620833778521310276e-01
-5.568756164881889514e-01
-5.516458706284309566e-01
-5.463943467342700089e-01
-5.411212521268760067e-01
-5.358267949789969897e-01
-5.305111843067350508e-01
-5.251746299612970459e-01
-5.198173426207099990e-01
-5.144395337815069746e-01
-5.090414157503719839e-01
-5.036232016357610197e-01
-4.981851053394910078e-01
-4.927273415482920083e-01
-4.872501257253329943e-01
-4.817536741017159896e-01
-4.762382036679400077e-01
-4.707039321653330166e-01
-4.651510780774589793e-01
-4.595798606214879789e-01
-4.539904997395480257e-01
-4.483832160900330099e-01
-4.427582310389019948e-01
-4.371157666509329909e-01
-4.314560456809600208e-01
-4.257792915650729926e-01
-4.200857284118070245e-01
-4.143755809932849754e-01
-4.086490747363499820e-01
-4.029064357136630248e-01
-3.971478906347810089e-01
-3.913736668372019833e-01
-3.855839922773969808e-01
-3.797790955218020015e-01
-3.739592057378020029e-01
-3.681245526846789740e-01
-3.622753667045460202e-01
-3.564118787132509736e-01
-3.505343201912600182e-01
-3.446429231745180011e-01
-3.387379202452919791e-01
-3.328195445229880089e-01
-3.268880296549430131e-01
-3.209436098072099841e-01
-3.149865196553049973e-01
-3.090169943749480064e-01
-3.030352696327749951e-01
-2.970415815770359735e-01
-2.910361668282719916e-01
-2.850192624699769972e-01
-2.789911060392299968e-01
-2.729519355173249950e-01
-2.669019893203770089e-01
-2.608415062898979953e-01
-2.547707256833819933e-01
-2.486898871648549891e-01
-2.425992307954079885e-01
-2.364989970237260097e-01
-2.303894266765910137e-01
-2.242707609493820031e-01
-2.181432413965440076e-01
-2.120071099220559863e-01
-2.058626087698819940e-01
-1.997099805144079976e-01
-1.935494680508610121e-01
-1.873813145857249896e-01
-1.812057636271389993e-01
-1.750230589752770072e-01
-1.688334447127340099e-01
-1.626371651948839980e-01
-1.564344650402310077e-01
-1.502255891207570082e-01
-1.440107825522529972e-01
-1.377902906846389941e-01
-1.315643590922830064e-01
-1.253332335643050077e-01
-1.190971600948709935e-01
-1.128563848734829983e-01
-1.066111542752609942e-01
-1.003617148512150059e-01
-9.410831331851579606e-02
-8.785119655074420664e-02
-8.159061156815800020e-02
-7.532680552793359630e-02
-6.906002571440619797e-02
-6.279051952931330449e-02
-5.651853448202569935e-02
-5.024431817977020182e-02
-4.396811831786599789e-02
-3.769018266993510308e-02
-3.141075907812840295e-02
-2.513009544333880130e-02
-1.884843971540900096e-02
-1.256603988335299946e-02
-6.283143965560579990e-03
-1.133107779529600065e-15
6.283143965558950217e-03
