0.000000000000000000e+00
6.283143965558950217e-03
1.256603988335260047e-02
1.884843971540819951e-02
2.513009544333750026e-02
3.141075907812829887e-02
3.769018266993449939e-02
4.396811831786490155e-02
5.024431817976950099e-02
5.651853448202449892e-02
6.279051952931340164e-02
6.906002571440579552e-02
7.532680552793269424e-02
8.159061156815750060e-02
8.785119655074319356e-02
9.410831331851429726e-02
1.003617148512150059e-01
1.066111542752599950e-01
1.128563848734819991e-01
1.190971600948699943e-01
1.253332335643040085e-01
1.315643590922820072e-01
1.377902906846379949e-01
1.440107825522519980e-01
1.502255891207570082e-01
1.564344650402310077e-01
1.626371651948839980e-01
1.688334447127340099e-01
1.750230589752760080e-01
1.812057636271370009e-01
1.873813145857249896e-01
1.935494680508600129e-01
1.997099805144069984e-01
2.058626087698809948e-01
2.120071099220549871e-01
2.181432413965430084e-01
2.242707609493810039e-01
2.303894266765910137e-01
2.364989970237250105e-01
2.425992307954069893e-01
2.486898871648549891e-01
2.547707256833819933e-01
2.608415062898969961e-01
2.669019893203760097e-01
2.729519355173249950e-01
2.789911060392289976e-01
2.850192624699759980e-01
2.910361668282719916e-01
2.970415815770349743e-01
3.030352696327739959e-01
3.090169943749470072e-01
3.149865196553049973e-01
3.209436098072089849e-01
3.268880296549420139e-01
3.328195445229870097e-01
3.387379202452909799e-01
3.446429231745170019e-01
3.505343201912590190e-01
3.564118787132509736e-01
3.622753667045460202e-01
3.681245526846779748e-01
3.739592057378000045e-01
3.797790955218010023e-01
3.855839922773959816e-01
3.913736668372019833e-01
3.971478906347810089e-01
4.029064357136630248e-01
4.086490747363489828e-01
4.143755809932839762e-01
4.200857284118060253e-01
4.257792915650729926e-01
4.314560456809590216e-01
4.371157666509329909e-01
4.427582310389009956e-01
4.483832160900320107e-01
4.539904997395470265e-01
4.595798606214879789e-01
4.651510780774579801e-01
4.707039321653330166e-01
4.762382036679390085e-01
4.817536741017149904e-01
4.872501257253319951e-01
4.927273415482920083e-01
4.981851053394910078e-01
5.036232016357610197e-01
5.090414157503709847e-01
5.144395337815059754e-01
5.198173426207089998e-01
5.251746299612960467e-01
5.305111843067340516e-01
5.358267949789969897e-01
5.411212521268760067e-01
5.463943467342690097e-01
5.516458706284299573e-01
5.568756164881879522e-01
5.620833778521310276e-01
5.672689491267569606e-01
5.724321255945910014e-01
5.775727034222679634e-01
5.826904796685760113e-01
5.877852522924730261e-01
5.928568201610590060e-01
5.979049830575190461e-01
6.029295416890250170e-01
6.079302976946050485e-01
6.129070536529760416e-01
6.178596130903339922e-01
6.227877804881120083e-01
6.276913612907000228e-01
6.325701619131239850e-01
6.374239897486899675e-01
6.422526531765839763e-01
6.470559615694440048e-01
6.518337253008790189e-01
6.565857557529559685e-01
6.613118653236520483e-01
6.660118674342520029e-01
6.706855765367200073e-01
6.753328081210240308e-01
6.799533787224190107e-01
6.845471059286889481e-01
6.891138083873480369e-01
6.936533058128050433e-01
6.981654189934729526e-01
7.026499697988489723e-01
7.071067811865470176e-01
7.115356772092850113e-01
7.159364830218309939e-01
7.203090248879070456e-01
7.246531301870470232e-01
7.289686274214109973e-01
7.332553462225599450e-01
7.375131173581740418e-01
7.417417727387389803e-01
7.459411454241819950e-01
7.501110696304590375e-01
7.542513807361039824e-01
7.583619152887219883e-01
7.624425110114479986e-01
7.664930068093499527e-01
7.705132427757890312e-01
7.745030601987340502e-01
7.784623015670230073e-01
7.823908105765879917e-01
7.862884321366190310e-01
7.901550123756899691e-01
7.939903986478350495e-01
7.977944395385709875e-01
8.015669848708769640e-01
8.053078857111219957e-01
8.090169943749470072e-01
8.126941644330939463e-01
8.163392507171840506e-01
8.199521093254520387e-01
8.235325976284270100e-01
8.270805742745620526e-01
8.305958991958130033e-01
8.340784336131710219e-01
8.375280400421419857e-01
8.409445822981690410e-01
8.443279255020149643e-01
8.476779360850830169e-01
8.509944817946919482e-01
8.542774316992950423e-01
8.575266561936519816e-01
8.607420270039439769e-01
8.639234171928350525e-01
8.670707011644900319e-01
8.701837546695260217e-01
8.732624548099200412e-01
8.763066800438640280e-01
8.793163101905560053e-01
8.822912264349529465e-01
8.852313113324550287e-01
8.881364488135440327e-01
8.910065241883680098e-01
8.938414241512639968e-01
8.966410367852359897e-01
8.994052515663709668e-01
9.021339593682029534e-01
9.048270524660200209e-01
9.074844245411169963e-01
9.101059706849959907e-01
9.126915874035029796e-01
9.152411726209169762e-01
9.177546256839810290e-01
9.202318473658700482e-01
9.226727398701149996e-01
9.250772068344580434e-01
9.274451533346610432e-01
9.297764858882510142e-01
9.320711124582109486e-01
9.343289424566120216e-01
9.365498867481919509e-01
9.387338576538739598e-01
9.408807689542250108e-01
9.429905358928639680e-01
9.450630751798050344e-01
9.470983049947440113e-01
9.490961449902950431e-01
9.510565162951539753e-01
9.529793415172189697e-01
9.548645447466429514e-01
9.567120515588299901e-01
9.585217890173759470e-01
9.602936856769429541e-01
9.620276715860860417e-01
9.637236782900100440e-01
9.653816388332739917e-01
9.670014877624349969e-01
9.685831611286309650e-01
9.701265964901060190e-01
9.716317329146739734e-01
9.730985109821269630e-01
9.745268727865770142e-01
9.759167619387469905e-01
9.772681235681930367e-01
9.785809043254719564e-01
9.798550523842469717e-01
9.810905174433339759e-01
9.822872507286890542e-01
9.834452049953299468e-01
9.845643345292049986e-01
9.856445951489980484e-01
9.866859442078680376e-01
9.876883405951379924e-01
9.886517447379139512e-01
9.895761186026510448e-01
9.904614256966509656e-01
9.913076310695070337e-01
9.921147013144779869e-01
9.928826045698140312e-01
9.936113105200079509e-01
9.943007903969990346e-01
9.949510169812999516e-01
9.955619646030799963e-01
9.961336091431729489e-01
9.966659280340299798e-01
9.971589002606140451e-01
9.976125063612250043e-01
9.980267284282720031e-01
9.984015501089750222e-01
9.987369566060170234e-01
9.990329346781250397e-01
9.992894726405889827e-01
9.995065603657320441e-01
9.996841892833000509e-01
9.998223523808089652e-01
9.999210442038160007e-01
9.999802608561370043e-01
1.000000000000000000e+00
9.999802608561370043e-01
9.999210442038160007e-01
9.998223523808089652e-01
9.996841892833000509e-01
9.995065603657320441e-01
9.992894726405889827e-01
9.990329346781250397e-01
9.987369566060170234e-01
9.984015501089750222e-01
9.980267284282720031e-01
9.976125063612250043e-01
9.971589002606140451e-01
9.966659280340299798e-01
9.961336091431729489e-01
9.955619646030799963e-01
9.949510169812999516e-01
9.943007903969990346e-01
9.936113105200089501e-01
9.928826045698140312e-01
9.921147013144779869e-01
9.913076310695070337e-01
9.904614256966509656e-01
9.895761186026510448e-01
9.886517447379139512e-01
9.876883405951379924e-01
9.866859442078680376e-01
9.856445951489980484e-01
9.845643345292049986e-01
9.834452049953299468e-01
9.822872507286890542e-01
9.810905174433339759e-01
9.798550523842469717e-01
9.785809043254719564e-01
9.772681235681930367e-01
9.759167619387469905e-01
9.745268727865770142e-01
9.730985109821269630e-01
9.716317329146739734e-01
9.701265964901060190e-01
9.685831611286309650e-01
9.670014877624349969e-01
9.653816388332739917e-01
9.637236782900100440e-01
9.620276715860860417e-01
9.602936856769429541e-01
9.585217890173759470e-01
9.567120515588309893e-01
9.548645447466429514e-01
9.529793415172189697e-01
9.510565162951539753e-01
9.490961449902950431e-01
9.470983049947440113e-01
9.450630751798050344e-01
9.429905358928649672e-01
9.408807689542260100e-01
9.387338576538739598e-01
9.365498867481919509e-01
9.343289424566120216e-01
9.320711124582109486e-01
9.297764858882510142e-01
9.274451533346610432e-01
9.250772068344580434e-01
9.226727398701149996e-01
9.202318473658700482e-01
9.177546256839810290e-01
9.152411726209179754e-01
9.126915874035029796e-01
9.101059706849959907e-01
9.074844245411169963e-01
9.048270524660190217e-01
9.021339593682029534e-01
8.994052515663709668e-01
8.966410367852359897e-01
8.938414241512639968e-01
8.910065241883680098e-01
8.881364488135450319e-01
8.852313113324550287e-01
8.822912264349539457e-01
8.793163101905560053e-01
8.763066800438640280e-01
8.732624548099200412e-01
8.701837546695260217e-01
8.670707011644900319e-01
8.639234171928350525e-01
8.607420270039439769e-01
8.575266561936519816e-01
8.542774316992950423e-01
8.509944817946919482e-01
8.476779360850830169e-01
8.443279255020149643e-01
8.409445822981690410e-01
8.375280400421419857e-01
8.340784336131710219e-01
8.305958991958130033e-01
8.270805742745620526e-01
8.235325976284280092e-01
8.199521093254520387e-01
8.163392507171840506e-01
8.126941644330939463e-01
8.090169943749470072e-01
8.053078857111219957e-01
8.015669848708769640e-01
7.977944395385709875e-01
7.939903986478350495e-01
7.901550123756909683e-01
7.862884321366190310e-01
7.823908105765879917e-01
7.784623015670230073e-01
7.745030601987340502e-01
7.705132427757890312e-01
7.664930068093499527e-01
7.624425110114479986e-01
7.583619152887219883e-01
7.542513807361039824e-01
7.501110696304600367e-01
7.459411454241829942e-01
7.417417727387389803e-01
7.375131173581740418e-01
7.332553462225599450e-01
7.289686274214119965e-01
7.246531301870470232e-01
7.203090248879070456e-01
7.159364830218309939e-01
7.115356772092850113e-01
7.071067811865480168e-01
7.026499697988499715e-01
6.981654189934729526e-01
6.936533058128050433e-01
6.891138083873490361e-01
6.845471059286889481e-01
6.799533787224190107e-01
6.753328081210250300e-01
6.706855765367200073e-01
6.660118674342520029e-01
6.613118653236520483e-01
6.565857557529569677e-01
6.518337253008790189e-01
6.470559615694450040e-01
6.422526531765849755e-01
6.374239897486899675e-01
6.325701619131249842e-01
6.276913612907010220e-01
6.227877804881130075e-01
6.178596130903349914e-01
6.129070536529770408e-01
6.079302976946060477e-01
6.029295416890250170e-01
5.979049830575190461e-01
5.928568201610600052e-01
5.877852522924730261e-01
5.826904796685760113e-01
5.775727034222679634e-01
5.724321255945910014e-01
5.672689491267569606e-01
5.620833778521310276e-01
5.568756164881889514e-01
5.516458706284299573e-01
5.463943467342690097e-01
5.411212521268760067e-01
5.358267949789969897e-01
5.305111843067340516e-01
5.251746299612960467e-01
5.198173426207099990e-01
5.144395337815069746e-01
5.090414157503709847e-01
5.036232016357610197e-01
4.981851053394910078e-01
4.927273415482920083e-01
4.872501257253329943e-01
4.817536741017159896e-01
4.762382036679390085e-01
4.707039321653330166e-01
4.651510780774589793e-01
4.595798606214879789e-01
4.539904997395470265e-01
4.483832160900330099e-01
4.427582310389019948e-01
4.371157666509329909e-01
4.314560456809590216e-01
4.257792915650729926e-01
4.200857284118060253e-01
4.143755809932849754e-01
4.086490747363499820e-01
4.029064357136630248e-01
3.971478906347810089e-01
3.913736668372029825e-01
3.855839922773969808e-01
3.797790955218010023e-01
3.739592057378010037e-01
3.681245526846779748e-01
3.622753667045460202e-01
3.564118787132509736e-01
3.505343201912590190e-01
3.446429231745170019e-01
3.387379202452919791e-01
3.328195445229870097e-01
3.268880296549430131e-01
3.209436098072099841e-01
3.149865196553049973e-01
3.090169943749480064e-01
3.030352696327739959e-01
2.970415815770349743e-01
2.910361668282719916e-01
2.850192624699759980e-01
2.789911060392299968e-01
2.729519355173259942e-01
2.669019893203760097e-01
2.608415062898969961e-01
2.547707256833829925e-01
2.486898871648549891e-01
2.425992307954079885e-01
2.364989970237250105e-01
2.303894266765910137e-01
2.242707609493810039e-01
2.181432413965430084e-01
2.120071099220549871e-01
2.058626087698809948e-01
1.997099805144069984e-01
1.935494680508610121e-01
1.873813145857249896e-01
1.812057636271380001e-01
1.750230589752760080e-01
1.688334447127350091e-01
1.626371651948839980e-01
1.564344650402310077e-01
1.502255891207580074e-01
1.440107825522529972e-01
1.377902906846379949e-01
1.315643590922830064e-01
1.253332335643050077e-01
1.190971600948699943e-01
1.128563848734819991e-01
1.066111542752599950e-01
1.003617148512150059e-01
9.410831331851439441e-02
8.785119655074359601e-02
8.159061156815790306e-02
7.532680552793349915e-02
6.906002571440610083e-02
6.279051952931359593e-02
5.651853448202510261e-02
5.024431817976970222e-02
4.396811831786540115e-02
3.769018266993499899e-02
3.141075907812909684e-02
2.513009544333779863e-02
1.884843971540850135e-02
1.256603988335329956e-02
6.283143965559129761e-03
5.665538897647979615e-16
-6.283143965558440208e-03
-1.256603988335260047e-02
-1.884843971540780053e-02
-2.513009544333710127e-02
-3.141075907812840295e-02
-3.769018266993429817e-02
-4.396811831786470032e-02
-5.024431817976900139e-02
-5.651853448202440178e-02
-6.279051952931290204e-02
-6.906002571440540694e-02
-7.532680552793280526e-02
-8.159061156815719529e-02
-8.785119655074290212e-02
-9.410831331851370052e-02
-1.003617148512150059e-01
-1.066111542752589958e-01
-1.128563848734809999e-01
-1.190971600948699943e-01
-1.253332335643040085e-01
-1.315643590922820072e-01
-1.377902906846369957e-01
-1.440107825522519980e-01
-1.502255891207570082e-01
-1.564344650402310077e-01
-1.626371651948829988e-01
-1.688334447127330107e-01
-1.750230589752760080e-01
-1.812057636271370009e-01
-1.873813145857239904e-01
-1.935494680508600129e-01
-1.997099805144059992e-01
-2.058626087698809948e-01
-2.120071099220549871e-01
-2.181432413965420092e-01
-2.242707609493810039e-01
-2.303894266765899868e-01
-2.364989970237240113e-01
-2.425992307954079885e-01
-2.486898871648539899e-01
-2.547707256833819933e-01
-2.608415062898959969e-01
-2.669019893203750105e-01
-2.729519355173249950e-01
-2.789911060392289976e-01
-2.850192624699749988e-01
-2.910361668282719916e-01
-2.970415815770349743e-01
-3.030352696327729967e-01
-3.090169943749470072e-01
-3.149865196553049973e-01
-3.209436098072089849e-01
-3.268880296549430131e-01
-3.328195445229860105e-01
-3.387379202452909799e-01
-3.446429231745170019e-01
-3.505343201912580198e-01
-3.564118787132509736e-01
-3.622753667045450210e-01
-3.681245526846769756e-01
-3.739592057378000045e-01
-3.797790955218010023e-01
-3.855839922773959816e-01
-3.913736668372019833e-01
-3.971478906347800097e-01
-4.029064357136620256e-01
-4.086490747363489828e-01
-4.143755809932839762e-01
-4.200857284118060253e-01
-4.257792915650729926e-01
-4.314560456809580224e-01
-4.371157666509329909e-01
-4.427582310389009956e-01
-4.483832160900320107e-01
-4.539904997395470265e-01
-4.595798606214869797e-01
-4.651510780774579801e-01
-4.707039321653330166e-01
-4.762382036679390085e-01
-4.817536741017149904e-01
-4.872501257253319951e-01
-4.927273415482910091e-01
-4.981851053394900086e-01
-5.036232016357610197e-01
-5.090414157503709847e-01
-5.144395337815059754e-01
-5.198173426207099990e-01
-5.251746299612950475e-01
-5.305111843067340516e-01
-5.358267949789959905e-01
-5.411212521268750075e-01
-5.463943467342690097e-01
-5.516458706284299573e-01
-5.568756164881879522e-01
-5.620833778521310276e-01
-5.672689491267559614e-01
-5.724321255945910014e-01
-5.775727034222669642e-01
-5.826904796685760113e-01
-5.877852522924730261e-01
-5.928568201610590060e-01
-5.979049830575180469e-01
-6.029295416890240178e-01
-6.079302976946050485e-01
-6.129070536529760416e-01
-6.178596130903339922e-01
-6.227877804881120083e-01
-6.276913612907000228e-01
-6.325701619131239850e-01
-6.374239897486889683e-01
-6.422526531765839763e-01
-6.470559615694440048e-01
-6.518337253008780197e-01
-6.565857557529559685e-01
-6.613118653236520483e-01
-6.660118674342510037e-01
-6.706855765367200073e-01
-6.753328081210240308e-01
-6.799533787224190107e-01
-6.845471059286879489e-01
-6.891138083873480369e-01
-6.936533058128040441e-01
-6.981654189934729526e-01
-7.026499697988489723e-01
-7.071067811865470176e-01
-7.115356772092850113e-01
-7.159364830218309939e-01
-7.203090248879070456e-01
-7.246531301870470232e-01
-7.289686274214109973e-01
-7.332553462225599450e-01
-7.375131173581740418e-01
-7.417417727387389803e-01
-7.459411454241819950e-01
-7.501110696304590375e-01
-7.542513807361029832e-01
-7.583619152887219883e-01
-7.624425110114469994e-01
-7.664930068093499527e-01
-7.705132427757890312e-01
-7.745030601987340502e-01
-7.784623015670230073e-01
-7.823908105765879917e-01
-7.862884321366190310e-01
-7.901550123756899691e-01
-7.939903986478350495e-01
-7.977944395385709875e-01
-8.015669848708759648e-01
-8.053078857111219957e-01
-8.090169943749470072e-01
-8.126941644330939463e-01
-8.163392507171830514e-01
-8.199521093254520387e-01
-8.235325976284270100e-01
-8.270805742745620526e-01
-8.305958991958120041e-01
-8.340784336131710219e-01
-8.375280400421409865e-01
-8.409445822981690410e-01
-8.443279255020149643e-01
-8.476779360850830169e-01
-8.509944817946919482e-01
-8.542774316992950423e-01
-8.575266561936519816e-01
-8.607420270039429777e-01
-8.639234171928350525e-01
-8.670707011644900319e-01
-8.701837546695260217e-01
-8.732624548099200412e-01
-8.763066800438630288e-01
-8.793163101905560053e-01
-8.822912264349529465e-01
-8.852313113324550287e-01
-8.881364488135450319e-01
-8.910065241883680098e-01
-8.938414241512639968e-01
-8.966410367852359897e-01
-8.994052515663699676e-01
-9.021339593682029534e-01
-9.048270524660190217e-01
-9.074844245411169963e-01
-9.101059706849959907e-01
-9.126915874035029796e-01
-9.152411726209169762e-01
-9.177546256839810290e-01
-9.202318473658700482e-01
-9.226727398701149996e-01
-9.250772068344580434e-01
-9.274451533346610432e-01
-9.297764858882510142e-01
-9.320711124582109486e-01
-9.343289424566120216e-01
-9.365498867481919509e-01
-9.387338576538739598e-01
-9.408807689542250108e-01
-9.429905358928639680e-01
-9.450630751798050344e-01
-9.470983049947440113e-01
-9.490961449902940439e-01
-9.510565162951539753e-01
-9.529793415172189697e-01
-9.548645447466429514e-01
-9.567120515588299901e-01
-9.585217890173759470e-01
-9.602936856769429541e-01
-9.620276715860860417e-01
-9.637236782900100440e-01
-9.653816388332739917e-01
-9.670014877624349969e-01
-9.685831611286309650e-01
-9.701265964901060190e-01
-9.716317329146739734e-01
-9.730985109821269630e-01
-9.745268727865770142e-01
-9.759167619387469905e-01
-9.772681235681930367e-01
-9.785809043254719564e-01
-9.798550523842469717e-01
-9.810905174433339759e-01
-9.822872507286890542e-01
-9.834452049953299468e-01
-9.845643345292049986e-01
-9.856445951489980484e-01
-9.866859442078680376e-01
-9.876883405951379924e-01
-9.886517447379139512e-01
-9.895761186026510448e-01
-9.904614256966509656e-01
-9.913076310695060345e-01
-9.921147013144779869e-01
-9.928826045698140312e-01
-9.936113105200079509e-01
-9.943007903969990346e-01
-9.949510169812999516e-01
-9.955619646030799963e-01
-9.961336091431729489e-01
-9.966659280340299798e-01
-9.971589002606140451e-01
-9.976125063612250043e-01
-9.980267284282720031e-01
-9.984015501089750222e-01
-9.987369566060170234e-01
-9.990329346781250397e-01
-9.992894726405889827e-01
-9.995065603657310449e-01
-9.996841892833000509e-01
-9.998223523808089652e-01
-9.999210442038160007e-01
-9.999802608561370043e-01
-1.000000000000000000e+00
-9.999802608561370043e-01
-9.999210442038160007e-01
-9.998223523808089652e-01
-9.996841892833000509e-01
-9.995065603657320441e-01
-9.992894726405889827e-01
-9.990329346781250397e-01
-9.987369566060180226e-01
-9.984015501089750222e-01
-9.980267284282720031e-01
-9.976125063612250043e-01
-9.971589002606140451e-01
-9.966659280340299798e-01
-9.961336091431729489e-01
-9.955619646030799963e-01
-9.949510169812999516e-01
-9.943007903969990346e-01
-9.936113105200079509e-01
-9.928826045698140312e-01
-9.921147013144779869e-01
-9.913076310695070337e-01
-9.904614256966509656e-01
-9.895761186026510448e-01
-9.886517447379139512e-01
-9.876883405951379924e-01
-9.866859442078680376e-01
-9.856445951489980484e-01
-9.845643345292049986e-01
-9.834452049953299468e-01
-9.822872507286890542e-01
-9.810905174433339759e-01
-9.798550523842469717e-01
-9.785809043254719564e-01
-9.772681235681930367e-01
-9.759167619387479897e-01
-9.745268727865770142e-01
-9.730985109821269630e-01
-9.716317329146739734e-01
-9.701265964901060190e-01
-9.685831611286309650e-01
-9.670014877624349969e-01
-9.653816388332739917e-01
-9.637236782900100440e-01
-9.620276715860860417e-01
-9.602936856769429541e-01
-9.585217890173759470e-01
-9.567120515588309893e-01
-9.548645447466429514e-01
-9.529793415172189697e-01
-9.510565162951539753e-01
-9.490961449902950431e-01
-9.470983049947450105e-01
-9.450630751798050344e-01
-9.429905358928649672e-01
-9.408807689542260100e-01
-9.387338576538739598e-01
-9.365498867481919509e-01
-9.343289424566120216e-01
-9.320711124582109486e-01
-9.297764858882520134e-01
-9.274451533346620424e-01
-9.250772068344580434e-01
-9.226727398701149996e-01
-9.202318473658700482e-01
-9.177546256839810290e-01
-9.152411726209179754e-01
-9.126915874035029796e-01
-9.101059706849959907e-01
-9.074844245411169963e-01
-9.048270524660200209e-01
-9.021339593682029534e-01
-8.994052515663709668e-01
-8.966410367852359897e-01
-8.938414241512639968e-01
-8.910065241883680098e-01
-8.881364488135450319e-01
-8.852313113324550287e-01
-8.822912264349539457e-01
-8.793163101905560053e-01
-8.763066800438640280e-01
-8.732624548099200412e-01
-8.701837546695260217e-01
-8.670707011644900319e-01
-8.639234171928350525e-01
-8.607420270039439769e-01
-8.575266561936529808e-01
-8.542774316992950423e-01
-8.509944817946919482e-01
-8.476779360850840161e-01
-8.443279255020159635e-01
-8.409445822981690410e-01
-8.375280400421419857e-01
-8.340784336131710219e-01
-8.305958991958130033e-01
-8.270805742745620526e-01
-8.235325976284280092e-01
-8.199521093254530379e-01
-8.163392507171840506e-01
-8.126941644330939463e-01
-8.090169943749480064e-01
-8.053078857111219957e-01
-8.015669848708769640e-01
-7.977944395385709875e-01
-7.939903986478350495e-01
-7.901550123756909683e-01
-7.862884321366190310e-01
-7.823908105765879917e-01
-7.784623015670240065e-01
-7.745030601987340502e-01
-7.705132427757900304e-01
-7.664930068093499527e-01
-7.624425110114479986e-01
-7.583619152887219883e-01
-7.542513807361049816e-01
-7.501110696304600367e-01
-7.459411454241829942e-01
-7.417417727387399795e-01
-7.375131173581740418e-01
-7.332553462225599450e-01
-7.289686274214119965e-01
-7.246531301870470232e-01
-7.203090248879070456e-01
-7.159364830218309939e-01
-7.115356772092860105e-01
-7.071067811865480168e-01
-7.026499697988499715e-01
-6.981654189934729526e-01
-6.936533058128050433e-01
-6.891138083873490361e-01
-6.845471059286889481e-01
-6.799533787224200099e-01
-6.753328081210250300e-01
-6.706855765367210065e-01
-6.660118674342520029e-01
-6.613118653236520483e-01
-6.565857557529569677e-01
-6.518337253008790189e-01
-6.470559615694440048e-01
-6.422526531765849755e-01
-6.374239897486899675e-01
-6.325701619131249842e-01
-6.276913612907010220e-01
-6.227877804881130075e-01
-6.178596130903349914e-01
-6.129070536529760416e-01
-6.079302976946060477e-01
-6.029295416890250170e-01
-5.979049830575200453e-01
-5.928568201610600052e-01
-5.877852522924730261e-01
-5.826904796685770105e-01
-5.775727034222679634e-01
-5.724321255945910014e-01
-5.672689491267569606e-01
-5.620833778521310276e-01
-5.568756164881889514e-01
-5.516458706284309566e-01
-5.463943467342700089e-01
-5.411212521268760067e-01
-5.358267949789969897e-01
-5.305111843067350508e-01
-5.251746299612970459e-01
-5.198173426207099990e-01
-5.144395337815069746e-01
-5.090414157503719839e-01
-5.036232016357610197e-01
-4.981851053394910078e-01
-4.927273415482920083e-01
-4.872501257253329943e-01
-4.817536741017159896e-01
-4.762382036679400077e-01
-4.707039321653330166e-01
-4.651510780774589793e-01
-4.595798606214879789e-01
-4.539904997395480257e-01
-4.483832160900330099e-01
-4.427582310389019948e-01
-4.371157666509329909e-01
-4.314560456809600208e-01
-4.257792915650729926e-01
-4.200857284118070245e-01
-4.143755809932849754e-01
-4.086490747363499820e-01
-4.029064357136630248e-01
-3.971478906347810089e-01
-3.913736668372019833e-01
-3.855839922773969808e-01
-3.797790955218020015e-01
-3.739592057378020029e-01
-3.681245526846789740e-01
-3.622753667045460202e-01
-3.564118787132509736e-01
-3.505343201912600182e-01
-3.446429231745180011e-01
-3.387379202452919791e-01
-3.328195445229880089e-01
-3.268880296549430131e-01
-3.209436098072099841e-01
-3.149865196553049973e-01
-3.090169943749480064e-01
-3.030352696327749951e-01
-2.970415815770359735e-01
-2.910361668282719916e-01
-2.850192624699769972e-01
-2.789911060392299968e-01
-2.729519355173249950e-01
-2.669019893203770089e-01
-2.608415062898979953e-01
-2.547707256833819933e-01
-2.486898871648549891e-01
-2.425992307954079885e-01
-2.364989970237260097e-01
-2.303894266765910137e-01
-2.242707609493820031e-01
-2.181432413965440076e-01
-2.120071099220559863e-01
-2.058626087698819940e-01
-1.997099805144079976e-01
-1.935494680508610121e-01
-1.873813145857249896e-01
-1.812057636271389993e-01
-1.750230589752770072e-01
-1.688334447127340099e-01
-1.626371651948839980e-01
-1.564344650402310077e-01
-1.502255891207570082e-01
-1.440107825522529972e-01
-1.377902906846389941e-01
-1.315643590922830064e-01
-1.253332335643050077e-01
-1.190971600948709935e-01
-1.128563848734829983e-01
-1.066111542752609942e-01
-1.003617148512150059e-01
-9.410831331851579606e-02
-8.785119655074420664e-02
-8.159061156815800020e-02
-7.532680552793359630e-02
-6.906002571440619797e-02
-6.279051952931330449e-02
-5.651853448202569935e-02
-5.024431817977020182e-02
-4.396811831786599789e-02
-3.769018266993510308e-02
-3.141075907812840295e-02
-2.513009544333880130e-02
-1.884843971540900096e-02
-1.256603988335299946e-02
-6.283143965560579990e-03
-1.133107779529600065e-15
6.283143965558950217e-03
