0.000000000000000000e+00
2.513009544333750026e-02
5.024431817976950099e-02
7.532680552793269424e-02
1.003617148512150059e-01
1.253332335643040085e-01
1.502255891207570082e-01
1.750230589752760080e-01
1.997099805144069984e-01
2.242707609493810039e-01
2.486898871648549891e-01
2.729519355173249950e-01
2.970415815770349743e-01
3.209436098072089849e-01
3.446429231745170019e-01
3.681245526846779748e-01
3.913736668372019833e-01
4.143755809932839762e-01
4.371157666509329909e-01
4.595798606214879789e-01
4.817536741017149904e-01
5.036232016357610197e-01
5.251746299612960467e-01
5.463943467342690097e-01
5.672689491267569606e-01
5.877852522924730261e-01
6.079302976946050485e-01
6.276913612907000228e-01
6.470559615694440048e-01
6.660118674342520029e-01
6.845471059286889481e-01
7.026499697988489723e-01
7.203090248879070456e-01
7.375131173581740418e-01
7.542513807361039824e-01
7.705132427757890312e-01
7.862884321366190310e-01
8.015669848708769640e-01
8.163392507171840506e-01
8.305958991958130033e-01
8.443279255020149643e-01
8.575266561936519816e-01
8.701837546695260217e-01
8.822912264349529465e-01
8.938414241512639968e-01
9.048270524660200209e-01
9.152411726209169762e-01
9.250772068344580434e-01
9.343289424566120216e-01
9.429905358928639680e-01
9.510565162951539753e-01
9.585217890173759470e-01
9.653816388332739917e-01
9.716317329146739734e-01
9.772681235681930367e-01
9.822872507286890542e-01
9.866859442078680376e-01
9.904614256966509656e-01
9.936113105200079509e-01
9.961336091431729489e-01
9.980267284282720031e-01
9.992894726405889827e-01
9.999210442038160007e-01
9.999210442038160007e-01
9.992894726405889827e-01
9.980267284282720031e-01
9.961336091431729489e-01
9.936113105200089501e-01
9.904614256966509656e-01
9.866859442078680376e-01
9.822872507286890542e-01
9.772681235681940359e-01
9.716317329146739734e-01
9.653816388332739917e-01
9.585217890173759470e-01
9.510565162951539753e-01
9.429905358928649672e-01
9.343289424566120216e-01
9.250772068344580434e-01
9.152411726209179754e-01
9.048270524660200209e-01
8.938414241512639968e-01
8.822912264349539457e-01
8.701837546695260217e-01
8.575266561936519816e-01
8.443279255020149643e-01
8.305958991958130033e-01
8.163392507171840506e-01
8.015669848708769640e-01
7.862884321366190310e-01
7.705132427757890312e-01
7.542513807361039824e-01
7.375131173581740418e-01
7.203090248879070456e-01
7.026499697988499715e-01
6.845471059286889481e-01
6.660118674342520029e-01
6.470559615694450040e-01
6.276913612907010220e-01
6.079302976946060477e-01
5.877852522924730261e-01
5.672689491267569606e-01
5.463943467342690097e-01
5.251746299612960467e-01
5.036232016357610197e-01
4.817536741017159896e-01
4.595798606214879789e-01
4.371157666509329909e-01
4.143755809932849754e-01
3.913736668372029825e-01
3.681245526846779748e-01
3.446429231745170019e-01
3.209436098072099841e-01
2.970415815770349743e-01
2.729519355173259942e-01
2.486898871648549891e-01
2.242707609493810039e-01
1.997099805144079976e-01
1.750230589752760080e-01
1.502255891207580074e-01
1.253332335643050077e-01
1.003617148512150059e-01
7.532680552793349915e-02
5.024431817976970222e-02
2.513009544333779863e-02
5.665538897647979615e-16
-2.513009544333710127e-02
-5.024431817976900139e-02
-7.532680552793280526e-02
-1.003617148512150059e-01
-1.253332335643040085e-01
-1.502255891207570082e-01
-1.750230589752760080e-01
-1.997099805144059992e-01
-2.242707609493810039e-01
-2.486898871648539899e-01
-2.729519355173249950e-01
-2.970415815770349743e-01
-3.209436098072089849e-01
-3.446429231745170019e-01
-3.681245526846779748e-01
-3.913736668372019833e-01
-4.143755809932839762e-01
-4.371157666509329909e-01
-4.595798606214869797e-01
-4.817536741017149904e-01
-5.036232016357610197e-01
-5.251746299612950475e-01
-5.463943467342690097e-01
-5.672689491267559614e-01
-5.877852522924730261e-01
-6.079302976946050485e-01
-6.276913612907000228e-01
-6.470559615694440048e-01
-6.660118674342510037e-01
-6.845471059286879489e-01
-7.026499697988489723e-01
-7.203090248879070456e-01
-7.375131173581740418e-01
-7.542513807361029832e-01
-7.705132427757890312e-01
-7.862884321366190310e-01
-8.015669848708759648e-01
-8.163392507171830514e-01
-8.305958991958120041e-01
-8.443279255020149643e-01
-8.575266561936519816e-01
-8.701837546695260217e-01
-8.822912264349529465e-01
-8.938414241512639968e-01
-9.048270524660190217e-01
-9.152411726209169762e-01
-9.250772068344580434e-01
-9.343289424566120216e-01
-9.429905358928639680e-01
-9.510565162951539753e-01
-9.585217890173759470e-01
-9.653816388332739917e-01
-9.716317329146739734e-01
-9.772681235681930367e-01
-9.822872507286890542e-01
-9.866859442078680376e-01
-9.904614256966509656e-01
-9.936113105200079509e-01
-9.961336091431729489e-01
-9.980267284282720031e-01
-9.992894726405889827e-01
-9.999210442038160007e-01
-9.999210442038160007e-01
-9.992894726405889827e-01
-9.980267284282720031e-01
-9.961336091431729489e-01
-9.936113105200079509e-01
-9.904614256966509656e-01
-9.866859442078680376e-01
-9.822872507286890542e-01
-9.772681235681940359e-01
-9.716317329146739734e-01
-9.653816388332739917e-01
-9.585217890173759470e-01
-9.510565162951539753e-01
-9.429905358928649672e-01
-9.343289424566120216e-01
-9.250772068344580434e-01
-9.152411726209179754e-01
-9.048270524660200209e-01
-8.938414241512639968e-01
-8.822912264349539457e-01
-8.701837546695260217e-01
-8.575266561936529808e-01
-8.443279255020159635e-01
-8.305958991958130033e-01
-8.163392507171840506e-01
-8.015669848708769640e-01
-7.862884321366190310e-01
-7.705132427757900304e-01
-7.542513807361049816e-01
-7.375131173581740418e-01
-7.203090248879080448e-01
-7.026499697988499715e-01
-6.845471059286889481e-01
-6.660118674342520029e-01
-6.470559615694440048e-01
-6.276913612907010220e-01
-6.079302976946060477e-01
-5.877852522924730261e-01
-5.672689491267569606e-01
-5.463943467342700089e-01
-5.251746299612970459e-01
-5.036232016357610197e-01
-4.817536741017159896e-01
-4.595798606214889781e-01
-4.371157666509329909e-01
-4.143755809932849754e-01
-3.913736668372029825e-01
-3.681245526846789740e-01
-3.446429231745180011e-01
-3.209436098072099841e-01
-2.970415815770359735e-01
-2.729519355173249950e-01
-2.486898871648549891e-01
-2.242707609493820031e-01
-1.997099805144079976e-01
-1.750230589752770072e-01
-1.502255891207570082e-01
-1.253332335643050077e-01
-1.003617148512150059e-01
-7.532680552793359630e-02
-5.024431817977020182e-02
-2.513009544333880130e-02
-1.133107779529600065e-15
2.513009544333750026e-02
