0.000000000000000000e+00
1.253332335643040085e-01
2.486898871648549891e-01
3.681245526846779748e-01
4.817536741017149904e-01
5.877852522924730261e-01
6.845471059286889481e-01
7.705132427757890312e-01
8.443279255020149643e-01
9.048270524660200209e-01
9.510565162951539753e-01
9.822872507286890542e-01
9.980267284282720031e-01
9.980267284282720031e-01
9.822872507286890542e-01
9.510565162951539753e-01
9.048270524660200209e-01
8.443279255020149643e-01
7.705132427757890312e-01
6.845471059286889481e-01
5.877852522924730261e-01
4.817536741017159896e-01
3.681245526846779748e-01
2.486898871648549891e-01
1.253332335643050077e-01
5.665538897647979615e-16
-1.253332335643040085e-01
-2.486898871648539899e-01
-3.681245526846779748e-01
-4.817536741017149904e-01
-5.877852522924730261e-01
-6.845471059286879489e-01
-7.705132427757890312e-01
-8.443279255020149643e-01
-9.048270524660190217e-01
-9.510565162951539753e-01
-9.822872507286890542e-01
-9.980267284282720031e-01
-9.980267284282720031e-01
-9.822872507286890542e-01
-9.510565162951539753e-01
-9.048270524660200209e-01
-8.443279255020159635e-01
-7.705132427757900304e-01
-6.845471059286889481e-01
-5.877852522924730261e-01
-4.817536741017159896e-01
-3.681245526846789740e-01
-2.486898871648549891e-01
-1.253332335643050077e-01
-1.133107779529600065e-15
1.253332335643040085e-01
