2.130416984169999917e-02
2.133009499876530046e-01
4.525775123062589778e-01
4.605177975535719725e-01
5.084454187612980069e-01
6.519514029346510364e-01
7.270956414912179699e-01
6.390408924271010482e-01
8.026868035320720018e-01
1.027295834944550013e+00
9.466980957405199959e-01
1.040529578473490036e+00
8.973767209663380262e-01
1.004478402659380043e+00
1.042316445647269996e+00
8.149050208086969782e-01
9.395863156620259948e-01
8.261436036560819707e-01
6.765597661816400432e-01
6.807937870467719588e-01
3.981548029302279801e-01
2.689559972834479895e-01
2.504322196131820166e-01
1.496366651164380002e-01
8.030000837564029229e-03
-1.725427789528690137e-01
-9.651042459780280469e-02
-4.081082591915349833e-01
-3.571026677623390100e-01
-4.030470064659170126e-01
-5.880079309238559482e-01
-6.752362299228079623e-01
-8.083289484347649934e-01
-9.925955366079149966e-01
-9.092089110018489739e-01
-8.549739951269420546e-01
-8.084627574673549644e-01
-1.041047352670880111e+00
-1.160759002075250068e+00
-9.656525014826820019e-01
-9.134299252500820421e-01
-9.275220989366429469e-01
-9.592191544638950518e-01
-5.680799828214030400e-01
-9.204994570245379482e-01
-6.387824568724670415e-01
-6.139162331827260344e-01
-4.317373776506829852e-01
-2.169047452588860059e-01
-1.115284361193519952e-01
-7.107350748112380157e-02
