-1.000000000000000000e+00
-9.839999999999999858e-01
-9.679999999999999716e-01
-9.519999999999999574e-01
-9.360000000000000542e-01
-9.200000000000000400e-01
-9.040000000000000258e-01
-8.880000000000000115e-01
-8.719999999999999973e-01
-8.559999999999999831e-01
-8.399999999999999689e-01
-8.239999999999999547e-01
-8.080000000000000515e-01
-7.920000000000000373e-01
-7.760000000000000231e-01
-7.600000000000000089e-01
-7.439999999999999947e-01
-7.279999999999999805e-01
-7.119999999999999662e-01
-6.959999999999999520e-01
-6.800000000000000488e-01
-6.640000000000000346e-01
-6.480000000000000204e-01
-6.320000000000000062e-01
-6.159999999999999920e-01
-5.999999999999999778e-01
-5.839999999999999636e-01
-5.679999999999999494e-01
-5.520000000000000462e-01
-5.360000000000000320e-01
-5.200000000000000178e-01
-5.040000000000000036e-01
-4.879999999999999893e-01
-4.719999999999999751e-01
-4.560000000000000164e-01
-4.400000000000000022e-01
-4.239999999999999880e-01
-4.079999999999999738e-01
-3.920000000000000151e-01
-3.760000000000000009e-01
-3.599999999999999867e-01
-3.439999999999999725e-01
-3.280000000000000138e-01
-3.119999999999999996e-01
-2.959999999999999853e-01
-2.800000000000000266e-01
-2.640000000000000124e-01
-2.479999999999999982e-01
-2.320000000000000118e-01
-2.159999999999999976e-01
-2.000000000000000111e-01
-1.839999999999999969e-01
-1.680000000000000104e-01
-1.519999999999999962e-01
-1.360000000000000098e-01
-1.199999999999999956e-01
-1.039999999999999952e-01
-8.800000000000020306e-02
-7.200000000000010558e-02
-5.600000000000009831e-02
-4.000000000000000083e-02
-2.400000000000010111e-02
-8.000000000000010575e-03
8.000000000000010575e-03
2.399999999999979927e-02
4.000000000000000083e-02
5.599999999999979994e-02
7.199999999999980027e-02
8.799999999999989775e-02
1.039999999999999952e-01
1.199999999999999956e-01
1.360000000000000098e-01
1.519999999999999962e-01
1.680000000000000104e-01
1.839999999999999969e-01
2.000000000000000111e-01
2.159999999999999976e-01
2.320000000000000118e-01
2.479999999999999982e-01
2.640000000000000124e-01
2.800000000000000266e-01
2.959999999999999853e-01
3.119999999999999996e-01
3.280000000000000138e-01
3.439999999999999725e-01
3.599999999999999867e-01
3.760000000000000009e-01
3.920000000000000151e-01
4.079999999999999738e-01
4.239999999999999880e-01
4.400000000000000022e-01
4.560000000000000164e-01
4.719999999999999751e-01
4.879999999999999893e-01
5.040000000000000036e-01
5.200000000000000178e-01
5.360000000000000320e-01
5.520000000000000462e-01
5.679999999999999494e-01
5.839999999999999636e-01
5.999999999999999778e-01
6.159999999999999920e-01
6.320000000000000062e-01
6.480000000000000204e-01
6.640000000000000346e-01
6.800000000000000488e-01
6.959999999999999520e-01
7.119999999999999662e-01
7.279999999999999805e-01
7.439999999999999947e-01
7.600000000000000089e-01
7.760000000000000231e-01
7.920000000000000373e-01
8.080000000000000515e-01
8.239999999999999547e-01
8.399999999999999689e-01
8.559999999999999831e-01
8.719999999999999973e-01
8.880000000000000115e-01
9.040000000000000258e-01
9.200000000000000400e-01
9.360000000000000542e-01
9.519999999999999574e-01
9.679999999999999716e-01
9.839999999999999858e-01
1.000000000000000000e+00
9.839999999999999858e-01
9.679999999999999716e-01
9.519999999999999574e-01
9.360000000000000542e-01
9.200000000000000400e-01
9.040000000000000258e-01
8.880000000000000115e-01
8.719999999999999973e-01
8.559999999999999831e-01
8.399999999999999689e-01
8.239999999999999547e-01
8.080000000000000515e-01
7.920000000000000373e-01
7.760000000000000231e-01
7.600000000000000089e-01
7.439999999999999947e-01
7.279999999999999805e-01
7.119999999999999662e-01
6.959999999999999520e-01
6.800000000000000488e-01
6.640000000000000346e-01
6.480000000000000204e-01
6.320000000000000062e-01
6.159999999999999920e-01
5.999999999999999778e-01
5.839999999999999636e-01
5.679999999999999494e-01
5.520000000000000462e-01
5.360000000000010312e-01
5.200000000000000178e-01
5.040000000000000036e-01
4.879999999999999893e-01
4.719999999999999751e-01
4.560000000000000164e-01
4.400000000000000022e-01
4.239999999999999880e-01
4.079999999999999738e-01
3.920000000000000151e-01
3.760000000000000009e-01
3.599999999999999867e-01
3.440000000000010272e-01
3.280000000000000138e-01
3.119999999999999996e-01
2.959999999999999853e-01
2.800000000000000266e-01
2.640000000000010116e-01
2.479999999999999982e-01
2.320000000000000118e-01
2.159999999999999976e-01
2.000000000000000111e-01
1.839999999999999969e-01
1.680000000000000104e-01
1.519999999999999962e-01
1.360000000000000098e-01
1.199999999999999956e-01
1.039999999999999952e-01
8.800000000000010592e-02
7.200000000000049416e-02
5.600000000000009831e-02
4.000000000000050043e-02
2.400000000000000050e-02
8.000000000000010575e-03
-7.999999999999559547e-03
-2.400000000000050010e-02
-4.000000000000000083e-02
-5.600000000000009831e-02
-7.200000000000010558e-02
-8.799999999999960631e-02
-1.039999999999999952e-01
-1.199999999999999956e-01
-1.360000000000000098e-01
-1.519999999999999962e-01
-1.680000000000000104e-01
-1.839999999999999969e-01
-2.000000000000000111e-01
-2.159999999999999976e-01
-2.320000000000000118e-01
-2.479999999999999982e-01
-2.640000000000000124e-01
-2.800000000000000266e-01
-2.959999999999999853e-01
-3.119999999999999996e-01
-3.279999999999990146e-01
-3.439999999999989733e-01
-3.599999999999999867e-01
-3.760000000000000009e-01
-3.920000000000000151e-01
-4.079999999999999738e-01
-4.239999999999999880e-01
-4.400000000000000022e-01
-4.560000000000000164e-01
-4.719999999999999751e-01
-4.879999999999999893e-01
-5.040000000000000036e-01
-5.200000000000000178e-01
-5.360000000000000320e-01
-5.520000000000000462e-01
-5.679999999999999494e-01
-5.839999999999999636e-01
-5.999999999999999778e-01
-6.159999999999999920e-01
-6.320000000000000062e-01
-6.479999999999990212e-01
-6.640000000000000346e-01
-6.800000000000000488e-01
-6.959999999999999520e-01
-7.119999999999999662e-01
-7.279999999999989813e-01
-7.439999999999999947e-01
-7.600000000000000089e-01
-7.760000000000000231e-01
-7.920000000000000373e-01
-8.079999999999990523e-01
-8.239999999999999547e-01
-8.399999999999999689e-01
-8.559999999999999831e-01
-8.719999999999989981e-01
-8.880000000000000115e-01
-9.040000000000000258e-01
-9.200000000000000400e-01
-9.360000000000000542e-01
-9.519999999999999574e-01
-9.679999999999999716e-01
-9.839999999999999858e-01
-1.000000000000000000e+00
-9.839999999999999858e-01
