-5.323122602000479597e-01
-1.192213822603140017e+00
-5.918660435257160346e-01
-6.624047939129750207e-01
-7.539530386831060360e-01
-9.342441301956549982e-01
-6.098532593153239700e-01
-4.674138743574750010e-01
-8.246635218009660262e-01
-2.192266380364109868e-01
-4.600319657719090238e-01
-1.498014905986169987e-01
6.631999371501680340e-02
-2.460767321736909985e-01
2.884533485577980144e-02
3.106995637807269950e-01
-3.005496353557239875e-01
6.876043471117330164e-01
1.206681931658800000e+00
8.233890798055000237e-01
5.001441274474950349e-01
8.155423925160869558e-01
4.323928478632609873e-01
1.433833199452789975e+00
1.217476851954250039e+00
1.248980597071710053e+00
6.430242388297949807e-01
9.411768000047460170e-01
5.834518455216309851e-01
5.815173707009929638e-01
4.197470374527980108e-01
1.956345502013580040e-01
1.526294131850710056e-01
2.936246349587109949e-01
-2.572279941041459850e-01
3.921401727303510110e-01
8.274891014418660207e-02
2.610939103958819785e-01
4.527038757951439701e-02
3.630729129367200186e-02
-6.690040476828109650e-01
-6.026359274310659764e-01
-5.013522336684139713e-01
-4.053229086399189884e-01
-1.630621933533240031e-01
-6.916943646196419548e-01
-2.810626346852870272e-01
-6.096574738848340447e-01
-4.687116826321959806e-01
-8.798558122701699569e-01
-1.207703433895529921e+00
